3.319785082642804919e-01
6.821910161103986736e-01
2.241417977403299400e+00
3.780690384545201344e+00
2.651373346725412805e+00
-1.363129541691545168e-02
7.885286948956045372e-02
9.177015634137284383e-01
6.405740716373486965e-01
1.397185609691292407e-01
1.185617162869782686e-03
3.422004814482505070e-03
1.142343595946229522e-03
3.229490876624323270e-03
9.625829517611806524e-03
2.104408715719627981e-03
3.831392221548133442e-03
1.111836839067814608e-02
3.714744618201516746e-03
-5.982586057179363481e-03
-1.878252191816674743e-02
-6.091395399640091302e-03
-8.991321787973261329e-03
-2.332255654078285723e-02
-4.869521863118682348e-03
3.838394082751359765e-03
1.316865969925381033e-02
2.541664457286207934e-03
1.604558238214893627e-03
-1.234702292313332242e-04
2.898405892563923544e-04
1.670472079464599933e-03
-2.784643447108597382e-03
7.469308414002664639e-03
-2.886871171905188924e-03
-3.812720081288461550e-03
3.978929150225789246e-03
-1.028385596373549565e-02
2.205274962991245202e-02
-8.123214407923830260e-03
-9.479343818199398308e-03
1.899960471510621363e-04
-5.235549869550664911e-03
1.153103596357884023e-02
-4.921952165970017515e-03
-5.155111306377571298e-03
1.104445510697720997e-03
1.531297177805968773e-03
-2.292048002003204549e-03
1.586070650320880668e-03
-9.735654739675407999e-04
1.091013845670284720e-03
-1.501619655822247247e-03
3.935221351092508396e-03
-2.028921773046455344e-03
-1.082836750485324274e-03
4.681092154114266032e-03
6.474219002539785897e-04
-2.203917105458483641e-03
-1.378637205454117526e-03
6.223422599514288845e-05
1.746249135083294442e-03
4.534546594381221735e-03
8.433524343930402789e-03
1.845815859482281569e-03
-4.730630847658665906e-03
-3.663045115935979756e-03
1.708380363696476159e-04
2.613016791429487173e-03
7.440660420637471018e-03
3.831439420861667416e-03
6.568842513205892797e-04
-2.383365521218674260e-03
-1.296340192410232704e-03
-5.214685872299675354e-04
1.201654407306830107e-03
3.319303375303489685e-03
1.797259975798531223e-03
9.542271689353615596e-04
4.443708705136580409e-04
-4.236498722971389352e-04
4.862834311714428481e-04
-4.135781330504529826e-04
8.557157006953356859e-05
3.843903694669410613e-04
-1.369134742163765489e-03
1.910812257871887486e-03
8.060764905756263171e-04
3.530159417602140096e-04
-2.645313450181019030e-04
1.061414482462115505e-03
-6.748454648354720690e-04
-4.752849016288786255e-04
4.225202400336852161e-04
-1.197037735801070868e-03
-4.203014205718239894e-06
6.443672728488040622e-04
-6.818619410609361772e-04
-1.370747759868028593e-04
2.308573066525936197e-04
2.847618141442885727e-04
-2.941732060689908682e-04
-6.526135872742578909e-04
-5.177959970359879895e-04
2.419267794427526919e-04
1.130436601223172230e-04
3.763309110332371810e-02
1.163586946408409900e-01
6.538284711111276570e-02
9.048037583981274889e-03
1.277997049881104269e-02
-1.506701882861034153e-02
-1.770836505041225445e-03
8.082348666685394006e-03
-1.203193937531614119e-02
7.684668954077355715e-04
5.490975902406918657e-03
-3.207805980773241472e-03
-5.968616563931307840e-04
-6.464781057432172906e-03
5.923396723399028223e-04
-3.873061933330895767e-03
-3.562189153824375440e-04
-1.483509272868423212e-03
-8.121444497456858924e-04
1.432723346852377011e-05
-5.100198254520751928e-04
-6.010948846393443512e-04
-7.217913537764780035e-04
-3.460810462564009593e-03
2.274551955337535732e-04
-1.811375489209128553e-03
2.559870881294482384e-04
-1.163371095779927242e-04
3.807048524188724054e-04
-6.622334320776587270e-04
7.204230243459516705e-04
-8.257354198260881406e-05
-1.208795943519641244e-03
5.522599889781817234e-04
-5.026385053427413069e-04
-1.470984624320187395e-03
1.496946224828588339e-03
1.781967222791594821e-04
9.251839306144166858e-05
4.701750031255386500e-04
-7.587474795872609003e-04
-1.965116549453145567e-03
-2.887862399124337467e-04
4.725229187042398124e-04
1.643323658168929433e-04
2.438565275218219919e-05
-1.043482840721856805e-04
-1.469968708626792110e-04
-3.597072578752145804e-04
3.625794221536020323e-04
-5.463070384539641874e-04
3.828245627345092106e-02
1.198483481928359767e-01
6.622771145228185941e-02
9.211498748798046393e-03
-1.374901772219878568e-02
-4.744033687371827790e-03
-4.677773060671214234e-03
-8.051806529966790832e-03
-6.060567294859971720e-03
-4.115521088634534197e-03
-4.781549736118646463e-03
4.577964514622533294e-04
-3.991716280543726458e-04
3.294044406880025644e-03
1.203586386727297300e-03
-2.306815990370376240e-03
2.320344091082532367e-03
3.892292236873221012e-03
1.930006776751015674e-03
4.414535982629023969e-04
-5.733155718600571604e-04
4.377901539911570328e-04
-2.974773379063877510e-04
1.804674991820486019e-03
1.065352923330063761e-06
-4.962288095876586647e-04
9.315094773926901189e-04
1.330043991067494935e-03
-7.589941784746502378e-04
-3.969881519852161075e-04
3.237677077681854008e-04
1.450792551571638417e-04
3.818732747215879478e-04
2.910090373883897526e-05
2.424796555458115163e-04
-1.294511986123828354e-03
-4.274969815249638188e-04
1.156807709916806044e-04
2.954153694849697906e-04
2.811765109578083510e-05
-6.150888158402891687e-04
-3.766083297172908607e-04
6.952746492217345975e-04
3.779384088533296361e-04
3.032586199432443525e-04
2.517197471321817176e-05
-2.059779440771441344e-04
6.719926743215106843e-05
-5.128595596841389360e-05
5.736815306099781950e-05
2.548480041848673067e-04
3.313760600622029928e-01
6.831178237026565014e-01
2.238922675493161485e+00
3.781375143778844095e+00
2.648010996882701029e+00
-9.203130110639178713e-03
7.657265596718422496e-02
9.179621462814386845e-01
6.416533414727375595e-01
1.526792720587317187e-01
6.334992430500348271e-03
3.936561703920902350e-04
1.819336551978486746e-03
1.603042270371227845e-02
2.752854665478883696e-03
4.155983318915620721e-03
2.130988454263954557e-02
1.039019032339213305e-03
6.243493673156984280e-03
-3.571922552082829050e-02
-2.499500634500714108e-03
-1.019439120637403995e-02
-3.640069576762515469e-02
-6.585344657578002386e-03
-8.604061286671817882e-03
1.672811824230978350e-02
5.643003107321778802e-03
1.687378423949659895e-03
1.724355206005456081e-03
-1.938836320877891303e-03
1.819013651953054443e-03
-2.120586286433514753e-03
1.208971559173712199e-02
-4.676518203616312347e-03
-2.612918625551644003e-03
-2.285704195443064024e-03
-7.886160563107529053e-03
3.768918797345367777e-02
-1.349036201815963232e-02
-8.473634181080151595e-03
-9.191337691646733754e-03
-2.087279826872212238e-03
1.739101219999093784e-02
-6.711801156545930611e-03
-5.958189270293668544e-03
-5.279794972066844533e-03
1.644534271488551705e-03
1.159229235539788530e-03
-1.047771188949298340e-03
-1.167272744139854351e-03
3.996482015956454026e-04
-2.482057465695837115e-03
5.501822908472068369e-03
-1.271254012346970975e-03
-7.500375331002603896e-05
-1.094388606727847608e-03
8.215886327047425969e-04
-8.903373781836053380e-03
-2.291722671986177150e-03
2.818624691444497621e-03
5.703000338770532196e-03
1.358681928521009684e-04
-3.012300997872419117e-03
2.633348245149763969e-03
-1.740200096248196299e-02
-3.196299628249969077e-03
5.833538994548460171e-03
1.041735893886136521e-02
2.157855079958369542e-03
-4.701737566377948985e-03
-2.119893978972473697e-04
-6.608335596326026656e-03
-1.519898435776071040e-03
1.839113523584596545e-03
5.340012371015485579e-03
6.780767526196767626e-04
-2.341339735283602241e-03
-1.339362947262751503e-04
-3.553273925584465864e-03
-1.203381842520574035e-03
8.524015526630728846e-04
-1.848478159822843081e-03
2.463001301541777044e-03
1.912259649465048936e-03
8.152926478323281601e-04
-1.906826516478277167e-03
-2.444650557107525511e-04
-3.942184132220543161e-03
-7.389343856215183429e-04
8.849234685613491420e-04
-2.138745275548508545e-03
2.032043342120239127e-03
2.398853447591539623e-03
1.151470383517948226e-03
-1.612323812678659318e-03
-3.986458197225394018e-04
-6.809485365814969132e-04
-1.430608394538163304e-04
-1.607088654438123924e-04
-3.062379416221179540e-04
-7.315899213605797820e-04
-6.752895931476880081e-04
4.562107122586551294e-04
-1.517290280398106775e-04
5.807569152939972591e-04
-4.681405820226988354e-04
3.703502681680467812e-02
1.166114966993739566e-01
6.037305560676553551e-02
8.978191078832013783e-03
-1.265321004383593295e-02
-1.094541101313629972e-02
9.816529752663304131e-03
-1.190265737476848759e-02
-1.249810942805446023e-02
1.250704667216221214e-02
-2.257375995468851280e-03
-2.845031133964398204e-03
2.141815384550042889e-03
5.786503914457959141e-03
-4.566682254971941857e-03
-1.046321224421335044e-03
-5.260441297276964578e-03
5.248961603361058936e-04
2.696062080133607153e-03
-2.946787204568576679e-03
-2.970142362875988207e-04
-2.251160950472397282e-03
1.580001902026298422e-04
2.682831835808092980e-03
-1.356558084475413539e-03
-5.288383318746044115e-04
-2.791250701796935130e-03
1.176145767189211433e-04
-7.954354829831915708e-04
2.227557110802061771e-03
-2.392697512970318185e-04
-1.565810767727857794e-03
8.498068496884392253e-07
-6.994832494853098909e-05
1.342226197751094328e-03
-6.975562209411831013e-04
5.531612294685205045e-04
1.135119466900477020e-04
-5.283911647209829643e-05
-4.531203387469697093e-04
3.980731085373749242e-04
-4.933197738201111626e-04
-3.247162795199775437e-04
-3.664832143623793226e-04
5.689042154122274028e-04
6.180264829796708326e-05
-3.245906118162517756e-04
1.548412071577468657e-05
2.286338847212721591e-04
-7.652213645479785664e-05
-2.905732217812389065e-04
3.757897004528599344e-02
1.247826224610812662e-01
5.714719210556741535e-02
7.394688722088101074e-03
-1.212092194146785484e-02
9.416905998680412393e-03
-1.936785896977316970e-02
-1.113841640243452488e-02
7.204932616826077024e-03
-1.592575270473235716e-02
-4.290623761515986040e-04
2.668421482116913046e-03
-4.617459801001259218e-03
-3.586505570587570496e-03
-5.124151250304527505e-03
4.287230159322974465e-03
7.311653805567676356e-03
1.095590306980392947e-03
-7.268755849866512242e-04
-4.147765821761947858e-04
5.021054267456068199e-04
2.444064400390057179e-03
1.370903454538498992e-03
-7.306000327373246561e-04
-7.572523857933763369e-04
1.001223882083238786e-03
1.000065537760171097e-03
-3.470052645576943845e-04
7.327519875114726780e-04
1.845423846332168959e-03
1.317978890410957671e-03
4.243975605054510492e-05
-1.936262799622624417e-03
-7.293278264815343526e-04
-5.890963469782815008e-05
1.411667287638754958e-04
-3.195624875410030263e-04
-4.735676467690491664e-04
2.970961937031339935e-04
-1.810494923119333743e-04
-4.447820457104184264e-04
6.697300754692549771e-05
2.717648376946604056e-05
4.819588487393888787e-05
7.605952247759662638e-05
1.731863964085683834e-04
-2.606515925334760425e-04
1.572037643021127751e-04
2.259126523890624648e-04
1.153679374565328743e-04
1.766341572975683658e-06
3.312444278852071933e-01
6.833571212881354162e-01
2.238587738342767697e+00
3.781455797910805661e+00
2.647630645349080769e+00
-8.712782833057066550e-03
7.625810267812326015e-02
9.189606677112250877e-01
6.400762310867870175e-01
1.471654183599998555e-01
-4.471152359288837336e-03
1.988504786682377540e-03
7.902521782733899422e-04
-1.115549675963568507e-02
6.904442195730818924e-03
3.387711994839785919e-03
-1.483392672080856289e-02
6.344772749459957895e-03
2.372379550333305817e-03
2.541785715570415993e-02
-1.141436127177865301e-02
-4.426783180908125392e-03
2.405609501292751973e-02
-1.653329122252791480e-02
-8.977568653367922272e-03
-1.512578074464950018e-02
1.370069287225022733e-02
8.734768750635677273e-03
1.045648510988530719e-03
-2.792505409525868759e-03
-8.758605042576122351e-04
1.837411577570524993e-05
-7.528064331643470608e-03
-1.792558038075705434e-03
-4.938192523232626599e-03
-2.720583069894211455e-03
1.454779259916118804e-03
-2.514023690451171189e-02
-4.923005217599613070e-03
-1.541747861466453984e-02
-9.936180197478900605e-03
8.330935569511189326e-04
-1.004218258339054787e-02
-2.171723701272595952e-03
-5.329277209908743485e-03
-3.313172813862388585e-03
-1.900255704281754226e-03
2.349263476781150023e-03
-4.471048773735130689e-04
-1.322406878004254299e-03
3.072990473756281871e-05
8.149680860905206790e-04
-4.951313178693106040e-03
-1.197983127952057057e-03
-2.795514893077164983e-03
-1.171600907613889499e-03
-1.721835496780354819e-03
-1.301573667908934202e-03
3.215942547253774694e-03
2.079276432565252408e-03
-1.322752768277080798e-03
-5.873084730814914431e-03
-1.859837158023289368e-03
-3.022910601679601721e-03
-2.827607139289345893e-03
7.430247393383094395e-03
3.724996701941783728e-03
-1.612874629223353578e-03
-1.314430369749546024e-02
-3.797612853725481491e-03
-1.817480780282770911e-03
-8.632389082764515588e-04
2.567222033188699265e-03
1.641227847934139880e-03
-1.228323164584611479e-03
-4.627706118385067902e-03
-1.402517362243740039e-03
3.689590102665665436e-04
-9.288529275301156234e-04
-1.197347799165115675e-03
8.042976587642790623e-04
-1.380476613667781793e-03
-1.526558795101912169e-03
-1.299295552163336545e-03
2.498934274804257005e-03
1.349207803667727690e-03
7.185729420134050020e-04
-1.134530115224622725e-03
-1.316130069354262775e-03
6.954707288044413918e-04
-1.141351404638076168e-03
-1.686460297305118761e-03
-1.192701479651604030e-03
2.605462216820582551e-03
1.560139991387089493e-03
1.875576758370511247e-04
1.965871715917466914e-04
-7.486946016190036907e-04
-4.006807791903815343e-04
-8.838840041792186400e-05
-6.574460710446947652e-04
1.064823481282243557e-04
-2.837921119989194121e-04
3.613928658910438557e-04
-3.177199074330971950e-04
-6.738497309533655628e-04
3.703865015358893953e-02
1.151745377475075494e-01
6.137265033181912854e-02
9.931485533046959316e-03
1.658046073507141518e-02
7.287913575734616262e-04
9.385869895998839169e-03
1.144035935633758161e-02
-1.209431738716966465e-04
6.358302255660090024e-03
3.923757646031245799e-03
1.067995993313189049e-03
2.956661984438479704e-03
1.527179471797450103e-03
8.040302654496699064e-04
-1.020636877045628943e-03
5.646505445515953570e-03
5.421220572095465651e-03
-1.160280469288716906e-03
-9.578512878897389726e-04
-1.476110817202024028e-03
2.601861106529435030e-03
2.594750763425579532e-03
6.899315658066181023e-04
-9.017967898420752720e-05
-1.214872896768628627e-03
2.637759072816193984e-03
2.908654585543873905e-03
-4.787710280856867853e-04
-2.298241233725205335e-04
2.532203688690969068e-04
-1.429796836875767141e-03
-5.058035472594660242e-04
3.089812978173344347e-03
2.413880382886183021e-03
5.387621681332444446e-04
-2.867131186710843160e-04
-8.500924280676024070e-04
-2.438759919578571689e-05
-3.102459167890064817e-04
-1.293883202662694798e-03
-6.997613303957699038e-05
8.698158176362932176e-05
-7.345155258523215769e-04
-1.699314692307815188e-04
5.789962272379281516e-05
2.619933601490055317e-05
-5.054128934593414557e-04
-1.382483415324543309e-04
6.460411754421711839e-04
6.795702552884336223e-06
3.795244833471567159e-02
1.172371270039329894e-01
6.553494198215475963e-02
1.090714659560472130e-02
3.088447452049251571e-03
-7.914248175786436218e-03
-9.235898930148582486e-03
-2.846216378708269976e-04
-8.524688261328452685e-03
-9.981787592629774025e-03
5.164741893328920856e-04
-1.355418134277095246e-03
-1.350944523097746298e-03
-5.318418536207295683e-04
5.455977830049918431e-03
1.958205603246471194e-03
-1.007366960836163228e-03
-2.285393244981500510e-03
-6.301306698852852765e-04
4.956155470228207349e-04
7.024650613599442428e-04
6.141383499374273094e-05
5.634783916286939531e-06
-5.200480806177550444e-04
2.635826131239617232e-03
1.366939723641614687e-03
-1.309230489474995027e-03
-1.925857935525351200e-03
4.283508789829307967e-04
5.258195882994285558e-05
-1.501822461709989565e-03
2.938707326410041829e-04
-1.005634593271055588e-04
1.213763409053776610e-03
-1.178192223406627722e-04
2.169994875923595551e-04
5.619562294843860953e-04
-2.875281771967004574e-04
-1.230817948755986470e-04
6.862498930156162025e-04
8.406021515084431336e-04
-3.889409715964112354e-04
8.468981670905670854e-05
3.225533857578004315e-04
-3.256061599545122948e-04
-3.699669840850588858e-04
4.279198052518275869e-04
1.350641638363757335e-06
7.073715196186259463e-04
2.371226669004738476e-04
3.398833943140948562e-04
3.328197182291825484e-01
6.800123842873303515e-01
2.244363964743536943e+00
3.776208111248240851e+00
2.656083167867465011e+00
-1.933865353157207187e-02
8.646673886945528686e-02
9.066251923613986019e-01
6.572366549607178143e-01
1.398411524106839832e-01
-1.971790812847032046e-03
4.116168343273007152e-03
-3.242962841651212541e-03
-3.737740925554156567e-03
1.055367156479358921e-02
-7.616869172097313900e-03
-6.725794216616190480e-03
1.359333500586550059e-02
-1.091242784892715312e-02
1.135077473752521549e-02
-2.276797122451448829e-02
1.825071419923096627e-02
6.926682236852589603e-03
-2.453734813984391472e-02
1.642710793137170527e-02
-2.943004000821744515e-03
1.096180612615226674e-02
-6.424727755808934404e-03
2.410828559299223531e-03
3.345858514587811763e-03
2.701363283573862337e-04
-4.760813215038536481e-03
-3.516393858049477426e-03
-1.502901011665547064e-04
-1.056052425116329324e-02
6.016963229535272906e-03
-1.230167255439681973e-02
-8.955017855890000378e-03
-1.151097356103926092e-03
-3.246355909275709661e-02
1.898165402678680946e-02
-6.964851842018386641e-03
-3.439414708601960975e-03
-2.438259560838384327e-04
-1.638306161471979328e-02
1.035498172363661165e-02
-7.346934398597890215e-04
-2.063817841670352246e-03
-6.881515325235596642e-05
5.588498617935064999e-04
-1.043869535090610930e-03
-1.131610912135353267e-03
-6.198604400099137768e-04
4.228640641571845653e-05
-5.131679678233070502e-03
2.719860222499707186e-03
-4.737327780175354386e-03
-1.939456391408245000e-03
-4.451842996788978740e-03
-1.450524114334046481e-03
-4.987234316952204177e-03
-4.678873608098673906e-03
-3.644893560862423956e-03
-9.643881530696566534e-03
-2.431344000908160479e-03
-9.342551780131838624e-03
-3.676498242920409748e-03
-1.043889119442335117e-02
-7.700389136706238535e-03
-6.316993377893525413e-03
-3.649725785868871211e-03
-1.610774340588894474e-03
-3.518807372154084123e-03
-1.616563330204207408e-04
-3.908378831693811589e-03
-3.279869401110142857e-03
-2.274719197309585036e-03
-7.028102915245977578e-04
-3.978063532114432810e-04
1.159271469388805948e-04
1.875070695690761458e-06
6.146913347550796679e-04
1.585402844042571591e-03
3.036848201786061796e-03
1.333948176288544257e-03
1.974019357667670255e-03
-7.524132106554110369e-04
6.235193307028794735e-04
-1.501034255597813796e-05
-1.152820347598245473e-04
8.905507948575768287e-04
1.462991081777685609e-03
3.052791879254366375e-03
6.441352043113877934e-04
1.518763037862898811e-03
5.138518684540899564e-04
4.972331661135713857e-05
7.958514081560100553e-05
-2.243129259835324220e-04
6.042874366563608188e-04
1.458034389652672520e-04
-3.770198006277246296e-04
-3.786435078088364980e-04
-4.902491322786154716e-05
2.084672995318181260e-05
6.785016522727627944e-04
3.774315113619029771e-02
1.213191579659448349e-01
5.952523220610482502e-02
6.855301629549895998e-03
-2.352395236222340480e-03
-2.118774614068302808e-02
-2.782117980526936304e-03
-2.658410518556803340e-03
-1.714567059797298537e-02
4.210413561857011960e-04
-1.852744130723176993e-03
-3.408705724517180347e-03
-2.234875870233890907e-03
2.089478809159252271e-03
8.338565874314706611e-04
-3.901250801187611250e-03
-1.428918355983466171e-05
-7.077648744789000190e-03
4.125244012351328426e-04
-1.488663243646767137e-04
-1.484259073066773044e-03
1.875596425542948309e-04
-1.685355988472574118e-03
3.621337130613969807e-04
6.388375683768522661e-04
-1.250965842534087352e-03
-7.140573497942965392e-04
-1.649749601148838007e-03
1.041821859809147557e-03
-3.926092473861934884e-04
3.976230411251481522e-04
9.300546499150033619e-05
3.482503122071625018e-04
-2.488535678310793003e-04
4.688214673315956385e-04
1.729752871198400078e-03
8.675156016798839936e-04
1.933078522415525302e-03
-5.369523365992244501e-04
-4.275526424660526775e-04
1.398165968620815325e-04
-2.957424489498094999e-04
1.681651515191701085e-05
-4.536898585021202635e-04
3.451584225626705416e-05
-4.476825109818133135e-04
4.357544915771721997e-04
1.339480726331585469e-04
9.511816020004015132e-04
3.062735396550534187e-04
9.510236492981660739e-04
3.684939963339019242e-02
1.229364044471414480e-01
5.932267557209010278e-02
7.449138540619603885e-03
1.405037358428436189e-02
3.874751561522473547e-03
1.781258419948133359e-02
9.219496071332513448e-03
6.578778244338383263e-04
1.323158173134108412e-02
3.031789668981575009e-03
3.809016869513964440e-03
3.527117153967859048e-03
1.731009897583233800e-03
1.963627536062401840e-03
4.396150179082292109e-03
8.674368792928391358e-03
2.922454559458713408e-03
-1.127743373908387386e-03
-5.715386924423603021e-04
1.943250888583276936e-03
6.912428761578770509e-04
1.152058313196858280e-03
7.961370174262259736e-04
8.609820415776264779e-04
5.694366614313016439e-04
8.551591554552331886e-04
5.769802745222464557e-04
3.624954458921591377e-04
5.372442789157803184e-04
5.390094908809348745e-04
1.690329442041475436e-04
2.627578506415261493e-03
1.473159303534760621e-03
2.493046956371217961e-04
-5.758038474450433413e-04
-6.467730729107523148e-04
-9.564229712488931182e-05
1.021229404441806234e-03
-5.459785301380592343e-04
2.955563200368448856e-04
8.109686016302391359e-04
6.656705526899490792e-05
-3.957614731170929281e-04
1.238696425945665092e-04
2.858886462809816231e-04
3.701581850453277908e-04
2.472028491365065202e-04
3.751719039064640993e-04
2.461605124311596129e-04
5.677975676312099242e-04
3.319067028990844159e-01
6.820810462744418823e-01
2.241197478877032800e+00
3.779907031351446456e+00
2.651699284572764270e+00
-1.386466052073797792e-02
7.951457547167162243e-02
9.159877731733468975e-01
6.421086403741608217e-01
1.514486465135794491e-01
-5.877675931609950381e-04
6.247423963497047983e-03
-2.294926859497802007e-03
-9.286114617438555839e-04
1.544843456738267083e-02
-6.802460503541282212e-03
-2.090343300226459727e-03
2.102365891218449523e-02
-7.541973163605962538e-03
3.616328278860013457e-03
-3.485494308380712725e-02
1.282143614753575994e-02
1.455332428925582705e-03
-3.481325289052246419e-02
1.725559628225857567e-02
-1.730172336432758695e-03
1.354890577036402255e-02
-1.029345981818411901e-02
1.371306025906797845e-03
4.869768113403890458e-03
4.113070836980724232e-04
1.384970678650663135e-03
-5.528988869927356151e-03
-8.147134618491851804e-03
3.470287993965030793e-04
8.810295699238496203e-03
4.774051493910226596e-03
-1.610997251165936783e-02
-2.578061631613753901e-02
8.235442518460395211e-04
2.971358225179999979e-02
2.289194412032034397e-03
-6.992086525025141205e-03
-1.103563887780692476e-02
1.012716018799022979e-03
1.457392636746794590e-02
4.493311661026332463e-04
-1.975338241163311637e-03
6.458461469426276039e-04
5.024825492219373024e-05
1.448138919607974695e-03
-9.698441411220551020e-05
-1.640109698081112719e-03
-4.641772874061984855e-03
-7.954768417663862345e-04
3.241814687863588118e-03
-2.782388406776735781e-03
-1.602230058597379613e-04
3.634140960862000322e-03
-9.370007490580853360e-03
-7.416471792747183437e-04
-5.342398673729277167e-03
4.065402388747588885e-04
-6.560650316762554890e-03
-6.333194984259361837e-04
6.698755320590461110e-03
-1.934387784287022738e-02
-1.488801517468502610e-03
-9.002405448525443998e-03
1.369312555217005317e-03
-2.516712416097801122e-03
5.136247058502743483e-05
1.628806351594265858e-03
-7.467905946208330814e-03
4.039263645522366865e-04
-4.674097976723681422e-03
4.139797825540628660e-04
8.766295720704763567e-05
-1.883297408054668970e-03
-1.571969151585171816e-04
-4.626223153922942588e-03
1.635990732643536477e-03
5.677600110160540073e-04
-3.170714574722583584e-04
3.299034425239648349e-04
1.187832084409725514e-03
2.754146061788934063e-04
-2.106707127873138491e-03
-2.580141967582988763e-04
-4.567613558967072163e-03
1.904319693198850555e-03
-1.993944864247024738e-04
-5.490105560164446410e-04
2.872394750215272186e-04
1.360824715030822807e-03
6.226762591970565718e-04
6.724274041806444294e-05
-4.415021682698415037e-04
2.498881328897619965e-04
5.669925261250516151e-04
-4.980124739849664441e-04
-2.705380130082536173e-05
1.000997518826118350e-03
2.425293731289627944e-04
7.998201555664231563e-04
-4.228574788677375712e-06
3.799799350757773753e-02
1.232515486133638899e-01
5.813478846520996057e-02
6.629611903243936774e-03
1.384363796408046281e-03
-2.195168265415068515e-02
-1.254282872490727896e-02
3.379028599641391295e-04
-2.062263007595480785e-02
-1.172002640961485043e-02
9.218244779100220106e-04
-2.688934392117609679e-03
-3.970334406870397459e-03
-6.851680038946908816e-04
7.649783799472231749e-03
-1.994236955448220466e-03
-3.531449134142514677e-04
-7.130330011364253984e-03
-3.563459266661779187e-04
1.956016551459188735e-03
-1.087445302294466620e-03
-1.447311676683097313e-04
-2.880097786480136091e-03
-1.341880373677325350e-04
8.711957943768611212e-04
-2.841933308449237985e-04
-1.814913335220491586e-04
-1.727855711557563234e-04
2.178084707072859734e-03
2.614106451806937070e-04
-1.183007671525723725e-04
1.801919177872482285e-03
-6.814930381572099514e-05
2.849502408201736586e-03
-3.676572788686965475e-04
-3.174819863044665846e-04
-3.459846621297279178e-05
9.023542781828042258e-04
-6.013191726337366316e-04
-8.382794134398990850e-05
-7.975468968224597166e-04
-3.463912612335084962e-06
-4.763811560965056265e-05
8.877501105727502589e-05
9.637051719639457177e-05
-7.366489945175892784e-05
3.910574335178338204e-04
7.621207820616754305e-05
4.427298863292242030e-04
-1.106782309118199518e-04
-4.164778615494725555e-05
3.761591166057609570e-02
1.167879710621543277e-01
6.175032819278690466e-02
7.397744517962908176e-03
1.089082317642776562e-03
-4.306384326633386911e-03
1.939107811036856754e-02
8.850276880166792551e-04
-1.268423675151507911e-03
2.110099238965713886e-02
7.695893528120282840e-04
2.266247772865735699e-04
3.931303450109599473e-03
-1.428976024828929048e-04
-3.652434583460449635e-03
8.425114900886113145e-03
1.725467094758148870e-04
3.532091392910328628e-04
5.242745199635859971e-04
-1.183178720772108672e-03
5.067935490572050838e-03
6.567307100396146784e-04
-6.903696245398084630e-04
3.429455406299859732e-04
-2.313355257896103356e-03
2.998695786263508301e-03
4.890395679871960451e-04
9.233192622369506067e-04
-3.485779943388014890e-04
3.089847390357093604e-04
-4.946102201600216519e-04
2.425738380152720267e-03
1.207954537598406562e-03
-6.404777989897081358e-04
1.209719901789519519e-04
5.891699799341091823e-04
-6.289519388380862552e-04
-2.205793622630607825e-03
8.184071527334614571e-04
-3.934381508650139185e-04
5.776475069772285705e-04
6.446805900158961806e-05
-2.859721601091614490e-04
-2.259553226892415528e-04
-6.183655690712840797e-04
-7.216548525042394691e-04
7.321578709156111031e-04
5.928147902583367351e-04
5.581023852923704814e-04
1.479842473587683269e-04
-6.649860450963799782e-05
3.323843460167990038e-01
6.809430551425564859e-01
2.242828180545200834e+00
3.777775390278065970e+00
2.654191245596857485e+00
-1.704424970290327121e-02
8.494927521357265032e-02
9.057765682014556896e-01
6.543572688653408465e-01
1.430209722110816484e-01
-4.602713305339414807e-03
1.558046953902207654e-03
3.433918304928977247e-03
-1.246352014062961783e-02
2.537187296611571885e-03
9.484953670848892890e-03
-1.531075412588932261e-02
5.371620913598731950e-03
1.143174011941642393e-02
2.587536086944614011e-02
-9.060475333749248850e-03
-1.904598571447865818e-02
2.833673116255726321e-02
-4.579640809410374935e-03
-2.303345790936550674e-02
-1.360539349256009722e-02
3.368422918635344265e-03
1.058978075799568361e-02
-9.747390390636261059e-04
-1.972665844713734906e-03
3.777893948074560748e-03
1.720299941887893421e-03
-3.886865887788129234e-03
-5.971239055726204614e-03
-5.532939477770490444e-03
-7.727670630093323723e-03
5.286210087083267201e-03
-1.205840266584280729e-02
-1.760485120151035476e-02
-1.590838099497206282e-02
-2.468574656722832827e-02
3.504000740232712102e-03
-6.417917182868791703e-03
-9.294015481406535384e-03
-6.004628247975025632e-03
-1.226260374169368950e-02
-8.702725829197238347e-04
1.275290266784049383e-03
1.065389685324331925e-03
-9.750921222384098183e-04
1.046101777680527849e-03
6.539150948413120258e-04
-2.299709111298491732e-03
-2.213911852699633823e-03
-2.879831127147619921e-03
-3.837574663784953932e-03
3.837187444845568084e-04
1.206369513342706338e-03
2.933400705002586761e-03
7.693629005184155628e-03
1.894461515275423086e-03
-4.679081764974234864e-03
-3.454353077045424145e-03
8.661919243995713086e-04
6.718855137545515915e-04
7.293756784017734612e-03
1.562489945719644502e-02
4.010693083648445012e-03
-7.944983239146923698e-03
-8.231147261696139875e-03
3.387662627530327666e-04
1.043317590288661036e-03
2.248562529422794623e-03
5.736981554854948817e-03
6.603422448484171092e-04
-3.020903539816360145e-03
-3.876262996232388361e-03
-5.955242764517469645e-04
-7.521348049078415560e-04
8.743935383294723640e-05
1.989772883835637385e-03
2.656521761655750852e-03
-2.311046826979717972e-03
-1.942683680677221789e-03
1.481529915726122193e-03
1.430174337462359474e-03
1.264649751715738769e-04
-1.918186514799627082e-04
-1.190648677804528530e-05
1.954292352730507831e-03
2.903128545277449540e-03
-2.501983639301749718e-03
-1.357219454960605434e-03
1.294261957582016828e-03
2.146929826865030116e-03
1.523391569195479186e-04
1.442888681327876739e-04
-5.378662805435887565e-05
7.336902820270551967e-05
8.577242421634193384e-04
6.390421252385003817e-04
-4.225014088895996276e-04
4.001293102536252443e-04
1.653805346394816855e-04
-6.252445642530874564e-04
-8.887200679093113821e-04
3.872569873583804612e-02
1.207097820261190807e-01
5.960633020830043149e-02
9.516685591908380371e-03
-2.087478501484670013e-03
-5.620113585355442434e-03
-1.796245051879673260e-02
9.288679493800102577e-04
-3.635204722685649557e-03
-1.074955449265876245e-02
-2.125910117171011561e-03
-1.009567770248387050e-03
-4.949747477406854501e-03
3.075283559711064875e-04
2.743305873482804885e-03
6.615036431856700927e-03
-1.860441869132416215e-04
-3.790702343532646734e-04
-8.547288876019714342e-04
7.081304236755334158e-04
1.583066084073637969e-03
-3.954751339881202449e-04
-6.991437019665128552e-04
2.121898523264553965e-04
9.838064437594946920e-04
2.049905677063937337e-03
1.571810796395668036e-04
-5.788264941364723581e-04
-1.031607600147617723e-04
-1.803906132696632414e-04
-3.553479829514587240e-04
-1.022088760411164147e-03
4.030683296839601693e-04
-4.718759912114480620e-04
-5.945881730975467738e-05
5.925167138739550294e-04
5.910527604055144935e-04
-1.244607772142796755e-03
-8.313892761802037928e-04
2.111122042605792157e-04
1.585483687451238674e-03
-1.488740848121323720e-04
-8.857904231367847402e-05
-5.176821943854202981e-04
1.385652925615747915e-04
4.602905474428804419e-04
7.172421640056370756e-05
4.531504352478085348e-04
-1.009331752301246502e-03
3.796305126099004321e-05
4.159080640915059635e-04
3.829400158989646613e-02
1.223513844012167340e-01
5.755322867371653883e-02
9.984561119261447376e-03
1.989596665888432314e-02
-2.402606031797210537e-03
9.726533541696877339e-03
1.331531162291881704e-02
4.432070946053983176e-05
2.290757720424810989e-03
4.413340652774738748e-03
-3.254812654348039885e-04
4.375913506869966510e-03
-6.061495693929670747e-04
-6.966440757411708831e-04
-2.690593144436516371e-03
4.484386663014532093e-03
7.498534777592727463e-03
-4.898336236094664314e-04
4.015068316585677921e-04
-2.034396501253614084e-03
1.448671088679978625e-04
7.033738531994626619e-05
-1.945548139094610898e-04
-2.922819872424068863e-04
-9.703094374171085390e-04
1.495509981806114608e-03
1.406737621359815948e-03
-9.162721541686267429e-06
3.241828446137523176e-04
-4.237315147524213510e-05
-7.395232757332823037e-04
-2.670896550339262737e-04
1.080597326009567413e-03
1.199057346796058784e-03
-3.930859685382604926e-04
-9.954048434970743514e-04
8.346716034293168683e-05
-5.781714459653728572e-04
-1.377632680247077579e-03
-2.162069149719437339e-04
-6.797886029209256054e-05
1.169429980792764320e-04
9.007889752522682883e-05
-5.284201044396348232e-04
3.406419967469661398e-04
-2.410802042703821466e-05
-5.314020520666516006e-04
-4.238338115126832027e-04
1.008810958369917021e-04
1.182938756486796514e-04
3.319633923783443241e-01
6.821422682725339914e-01
2.241328267011523767e+00
3.780419103418992677e+00
2.651389405181158843e+00
-1.362369322971123883e-02
7.986424738556686942e-02
9.130140384834861678e-01
6.483713039161461689e-01
1.440364421392156258e-01
-4.025475788751585460e-03
3.956777060520402789e-04
-3.626074701120265975e-03
-1.054282248151910788e-02
6.257520135582858231e-04
-8.306609270779021989e-03
-1.343535153901971591e-02
1.290715544235567641e-03
-1.211359123822762507e-02
2.245839416110620435e-02
-2.603625629198615121e-03
2.024356751441101776e-02
2.489561265683341851e-02
-2.281006711342056792e-05
1.847321376378604357e-02
-1.296299069581458366e-02
9.113719294953741279e-04
-9.625701340133963058e-03
-1.226884415788193072e-03
-1.445360328718168705e-03
1.067344465115520336e-03
8.566907181598241994e-03
-9.666028922957120573e-03
-3.001559180340992138e-03
-1.044258497673039229e-03
1.371163042044643704e-03
2.662421801597526783e-02
-2.863705125593543621e-02
-9.705191232328986076e-03
-6.072211155909976871e-03
3.230256122957441897e-03
1.230545981624869140e-02
-1.388042662535738520e-02
-6.498555238950229872e-03
-2.862980257245286916e-03
1.578166107788728234e-03
-2.214166879297798686e-04
2.603657288949763095e-04
7.795693517713996913e-04
2.677935627150854897e-03
1.322157780738422717e-03
4.143849645924711084e-03
-4.340829543122076001e-03
-4.436538717956222538e-04
-1.616509513268867861e-03
-4.600554726234796447e-05
4.222083720708062413e-03
-2.323889830760670315e-03
-6.915068187427046015e-03
-2.552153227669768168e-03
2.377349685822495104e-03
3.166525850833137347e-03
3.433814548462241212e-03
8.561384560402635763e-03
-5.354502906713390700e-03
-1.482046242079779891e-02
-3.991346557216014432e-03
3.165354073680101514e-03
4.755578797334901117e-03
5.627435590925673053e-03
3.127386929083394648e-03
-2.070241984996291570e-03
-5.629020841798719477e-03
-1.525644022723147628e-03
1.357346616360822350e-03
2.272590985115056049e-03
2.388672753950334127e-03
-1.179739908044553573e-03
1.853288171202988445e-04
3.004889267593457980e-03
1.988308387367146435e-03
1.524750727838390316e-03
1.146489933763285979e-03
-1.361760027519306332e-03
-1.294976682739883492e-03
-1.745511283089570820e-03
-1.056212885685701812e-03
-1.821899143935160103e-04
2.843152152520513412e-03
1.170559101338440079e-03
1.152474024657713057e-03
1.019356544579214964e-03
-1.881121808350500607e-03
-1.221195897753797523e-04
-1.343790811244320940e-03
-2.217095008926759162e-04
-6.316054186647252107e-05
-4.065803746248412669e-04
-1.012699465535503527e-04
9.410513937558326672e-05
3.352793812424585684e-04
-6.011536910880783610e-04
4.765588355210442512e-04
-2.906866312496632875e-05
-1.115557942371727730e-04
5.338816524119260713e-04
3.788504565262988677e-02
1.220252619198962385e-01
6.065044696972768379e-02
9.177034096131337845e-03
1.109549685418140252e-03
8.203583673059275383e-03
1.546463619257084504e-02
2.246584648977766312e-03
5.053303938007281532e-03
1.086190826925618677e-02
-6.543524999218465130e-04
2.792702612934433448e-03
3.236989205680228937e-03
8.799058449116149011e-04
6.346174398000122008e-03
5.022802817593714775e-03
1.410345548189844561e-03
-1.933880370633217494e-03
1.210247456417620944e-03
8.216601805619769272e-04
1.613506570564741949e-03
1.536036075393784270e-03
1.804622490248070088e-04
4.227958876942780088e-04
1.505411628820448738e-03
1.163790167148653909e-03
4.401483183096082871e-04
-5.563943399588891503e-04
4.537498029506033953e-05
4.463506756354181440e-04
1.706236370067074938e-03
5.693320691297397776e-04
5.538851164599721457e-04
-6.944761812058275474e-04
1.788825673824136209e-04
2.448122732000720080e-04
1.207131934723425139e-03
4.647430306536377148e-04
9.865354899734673708e-04
4.780353777515916440e-04
-2.406152641105090834e-04
-1.221581153486248246e-03
-1.122305118512524104e-04
1.036596302045333928e-06
3.683690786379541227e-04
4.531680704143465493e-05
4.019193496147938603e-04
1.270540729122046283e-04
-3.940730055640353363e-05
-6.329279120639019762e-04
-7.150022455044285907e-05
3.712253379711917545e-02
1.188705412787089688e-01
6.090329862351105683e-02
9.241733682220197241e-03
1.418168103549444226e-02
-1.249831118344267578e-02
-1.430441142780514152e-03
1.400643448215443954e-02
-1.209034416436664816e-02
8.889456103925927333e-05
2.900458517923986540e-03
-3.022642562707910513e-03
-2.089691603465984506e-03
-7.968719703623436401e-03
1.426018299132761347e-04
-4.364328509682911111e-03
-9.651068430425006894e-04
1.114700503200989276e-03
-2.100814604093823035e-03
3.872584521174612243e-04
-1.235894754512710525e-03
1.854579590899116392e-04
4.334302824914623535e-04
-2.185803687788721861e-03
-1.002589853552624324e-04
-1.642383221909803764e-03
-1.050347299062391257e-03
7.070208306482487961e-04
-1.504538933805064666e-03
2.289187636867816115e-04
1.035854137932806784e-03
3.069062033328588159e-04
-1.303322135439198906e-03
-2.043001547931411199e-05
-8.988484356414869116e-04
-1.222882254078200975e-03
-6.730771452374204045e-04
5.329561909416281884e-04
-2.489258152068873388e-04
-6.958784487292295901e-04
-3.050794056518846796e-04
-2.446347092671455337e-04
1.839829425156896958e-04
-1.800343971422517335e-04
2.599095790959361427e-04
5.108054140653354308e-04
-4.032338682860136386e-05
9.536423247427931911e-05
-2.541538830681160446e-04
-4.904522728753036784e-04
-1.093842084462165812e-03
3.322076699442819692e-01
6.816053348196008388e-01
2.242589585949110731e+00
3.779472858924489920e+00
2.654059884983091866e+00
-1.747194120220099331e-02
8.345226380483267148e-02
9.082754215735546754e-01
6.491735766542275909e-01
1.483100757602907049e-01
-4.902575445787944047e-03
1.332221886410093516e-03
2.981102112040341645e-03
-1.197345220175918996e-02
5.170705958675140407e-03
8.039938639716699698e-03
-1.651375402969032513e-02
4.318031320790029909e-03
1.004442188953208470e-02
2.752976932646319930e-02
-7.407037151878046594e-03
-1.684531139586302462e-02
2.818691544224777301e-02
-1.336878855507066255e-02
-1.837485407878423210e-02
-1.607012019225063232e-02
7.273153434824225320e-03
7.917335023138568489e-03
9.882504997614505182e-05
4.309920404882913725e-04
2.610789210365232690e-03
6.520910082240613179e-03
1.099616732626738230e-02
-5.193160946400370015e-03
1.035431031011691330e-03
2.542613196336784495e-04
2.200973153389083892e-02
3.345623344347042893e-02
-1.600062171989220100e-02
5.379246991518801813e-03
-1.455499302491190805e-03
9.880537126694226291e-03
1.621981006834555955e-02
-7.948464572561481437e-03
3.364036284075947597e-03
1.199599896894044254e-04
-1.705401216471789331e-03
-2.191619179041067247e-04
2.385874561981109285e-04
-9.761214561295975672e-04
5.947940001766200552e-04
4.155844167311590481e-03
5.344331749394193309e-03
-1.911035014674915961e-03
2.709718667313551488e-05
-6.950898298108843659e-04
2.376855000866370110e-03
6.219667793524705918e-03
-4.925939836615031431e-03
5.822776527757630993e-03
-1.994808379166431583e-03
-1.126303428905714920e-03
3.051152893527631776e-03
6.945424685523872432e-03
1.274503688322170883e-02
-1.107298713883143534e-02
1.359824884561431496e-02
-5.807853009543128414e-03
1.893012453205167311e-05
7.615675382308732116e-03
5.944047958081309646e-04
5.055698609926686377e-03
-3.532288130676304594e-03
4.621071337361098291e-03
-2.098804983943930794e-03
-2.111269778280714000e-04
2.461170832001454215e-03
-3.781471273622536745e-04
-2.175045587047320927e-03
2.870531358470648081e-03
-3.306957915698970768e-04
1.675443992645136645e-03
-3.435764169279133251e-03
4.331240475207972021e-04
-5.904658122627007635e-04
-2.186284964113240775e-03
7.524262976119251711e-05
-1.796992276106341643e-03
2.527160904498913785e-03
-3.986346471846445583e-05
9.151379104826093402e-04
-3.590213591119731373e-03
8.846640425317813319e-04
-2.960200314949777700e-04
-2.215069826350044013e-03
-2.290074484640617150e-04
2.816432359175734951e-05
-4.855757640282937822e-04
1.318819814298129135e-04
-3.146371241266809286e-04
-4.564216241848455605e-04
-7.632774919334164507e-04
1.856113880813220918e-04
-8.970695815668935057e-05
5.334831273640389809e-04
4.079505268704481172e-04
3.820904023678177441e-02
1.193165759502510942e-01
6.013639302406058318e-02
9.437151213237033459e-03
1.245513401883145688e-02
-1.226507250532295895e-02
6.168834864981244392e-03
1.166387450337549869e-02
-1.069458432988804053e-02
5.206511057807210879e-03
2.436823500861291097e-03
-3.704757167575021062e-03
2.400077888047778135e-03
-6.428131217020391364e-03
-3.319243851530047362e-03
-3.614961157864578917e-03
3.345432005648626278e-03
-7.635185103890430175e-04
-3.593530811053305407e-03
-1.175863581976688277e-03
-1.138739709107348952e-03
1.425437948862830206e-03
1.631139349537099117e-03
-2.164432102694971438e-03
1.793963034735293616e-04
-1.415436567178008503e-03
1.359574176145166707e-03
1.719107117438035959e-05
-2.147599392616518325e-03
-1.180860792882550137e-03
1.975594560239130049e-05
-4.150325334534685391e-04
-5.648790770483025359e-04
1.115391629149956390e-04
-1.381834656872573883e-03
-1.612571831503539777e-04
-8.611618273191932321e-04
1.452470481480262754e-03
-1.208956320978451029e-03
-7.932848920040418139e-04
1.267859703622587365e-03
4.804259966077056854e-05
-8.338474542851376931e-04
-4.819893822587736215e-04
1.878893198936745952e-04
3.508075895368358704e-04
-2.406161412346293806e-05
-6.079577614198847235e-04
1.523759031900407193e-04
4.599312007543846989e-04
-5.097578669942095034e-04
3.872455389427974237e-02
1.225817351691658591e-01
5.544138557019613611e-02
9.765550587385186943e-03
6.417617428276407854e-03
8.798813513585659191e-03
-2.080808155313472463e-02
5.325413971014453934e-03
4.290698131659718625e-03
-1.323911100069384561e-02
9.765025107015819043e-04
2.565269498861719524e-03
-5.665088999677436732e-03
1.717258042745110555e-03
-4.632749514332165641e-03
7.138521606084663462e-03
-4.129158795003695648e-03
-3.531949042348686563e-04
4.902671614136263484e-04
-2.676272128490642110e-05
1.246873557961505896e-03
-2.134741167929957162e-03
9.422317826718300954e-04
1.009575757784942837e-03
-7.128852204608925047e-04
2.037366154803363361e-03
-1.552464002792970643e-03
3.222914137855645636e-04
-1.198111646036085706e-04
-3.818327931416880955e-04
1.146676368891930142e-03
-1.192031619169899026e-03
1.728816321383373246e-03
-6.431224352883117834e-05
-3.114772551711423535e-04
6.890233076397734441e-04
-1.310019304390523144e-03
1.434467256487652331e-05
-4.138259355928684130e-04
7.352908708307091812e-04
-6.851823214653750445e-04
1.408557672979103819e-04
1.150622222760480217e-04
-4.350172269539734089e-04
3.137260844039684721e-04
-1.068796756177083085e-05
-5.374744539274117425e-05
-4.240250335338078581e-04
2.334078828750141277e-04
1.231058167588585522e-04
-1.164109635672127326e-04
3.323487199876734577e-01
6.810630825964727464e-01
2.242482148095173766e+00
3.778196015502633731e+00
2.653073241642833757e+00
-1.551048114994772395e-02
8.278701671270335960e-02
9.075693053303348634e-01
6.627236632524943216e-01
1.427302493239461512e-01
-5.424449311862825085e-03
-5.370085671432586749e-03
-1.586194229588961530e-03
-1.462197807422577732e-02
-1.309274510568820063e-02
-2.911171487342863705e-03
-1.792070867019601721e-02
-1.813966096069030698e-02
-5.690502585583206985e-03
3.059950998306723569e-02
2.994352911777789505e-02
9.255185273015199832e-03
3.002127172440795244e-02
3.042690084404209294e-02
5.792363808670365072e-03
-5.476427289287391642e-03
-1.211415007861112170e-02
-1.475868911821727469e-03
-3.124323612782331852e-03
-4.618665941207990983e-03
1.527994390691635260e-03
-4.225006201876643774e-03
1.263642156777972786e-02
-2.501289600145974006e-03
-8.679906806934475222e-03
4.219649072033961057e-04
-1.319829797750630279e-02
3.988525424895875138e-02
-6.057763495727310626e-03
-2.998001569767924646e-02
-2.439573893756428677e-03
-9.141704351325420641e-03
1.933086293660505120e-02
-1.723484320092396986e-03
-1.192090267582636594e-02
2.322986484900469578e-04
-2.453388922529797268e-04
2.526457490152338170e-03
-1.642240354210903770e-03
-2.191428398319877555e-03
1.540972862214826274e-03
-1.193917328330897261e-03
4.258346616973791160e-03
-6.415192539192581325e-04
-3.702436801166275604e-03
-8.057379101835596526e-04
3.784046889246630435e-03
5.131009965277049875e-03
-1.245123285722738761e-03
-2.781464012730983787e-03
-6.352142667208956345e-03
-9.030062112736443602e-03
1.122666452775871945e-03
5.635998272100598699e-03
9.879741424663922994e-03
-1.125600990463275237e-03
-4.782474291128328142e-03
-1.467007136083731123e-02
-1.659382223237284432e-02
4.941677625939352655e-03
2.115443938110884818e-03
4.294746858472746343e-03
-2.756065592439395319e-04
-2.199146818647383303e-03
-4.967704591152626720e-03
-5.247086174374835515e-03
2.340989348247886175e-03
-2.022347966463829833e-03
5.739464255451413172e-04
1.013967054748729155e-03
1.696997462766948461e-03
-1.817551091955464659e-03
1.042777043463302342e-03
1.618972826300246748e-03
3.904368986620894433e-03
1.393565738200260723e-03
-2.046547098218417897e-03
2.650785150768589574e-04
1.221153803765488840e-03
1.039919814163740158e-03
-1.254199715348860988e-03
5.721886485648280951e-05
2.052433622860259238e-03
4.436123607679066938e-03
1.506896727052058071e-03
-6.145967703523758791e-05
-6.875950453103293197e-04
6.306722287834597152e-05
2.601571386935360494e-04
1.251803300321490883e-04
6.345610713602671538e-04
3.978621792992348763e-04
-3.858907881322736974e-04
-1.364822030420047034e-04
-7.399104680396270022e-05
-3.978876762832836943e-04
3.672318872189150180e-02
1.229991079257033854e-01
5.806457036316932385e-02
5.816212799587884910e-03
1.826161532094375262e-02
-2.740079846362548921e-03
1.937735787204640514e-02
1.584975442211514554e-02
-3.265175606521290158e-03
1.876697303432679764e-02
2.069050533959376076e-03
-1.888881605962346513e-03
4.291415472527607133e-03
-1.264549019300741789e-03
-1.454345581832140744e-03
3.092827799887572227e-03
9.721660846074273166e-03
4.539905949955500009e-03
-3.956899886510510667e-04
2.915695291417844115e-04
1.620305886678878593e-03
2.592869510429404722e-03
1.022674644181306713e-03
-5.937118135534609487e-04
3.266993296911456512e-04
5.164297916128331167e-04
1.118024333509284873e-03
7.227015707792772137e-04
-2.967462132971737275e-04
-5.134321864526045220e-04
-3.994325866696034344e-04
-3.386262667724572809e-04
2.286019205164774304e-03
1.999282329207921136e-03
7.841917225562666099e-04
-2.236289886533558181e-04
2.379745372099312251e-04
7.879172505042240926e-04
9.384332801647826683e-05
-2.156558216941453776e-05
2.138826642796663041e-04
2.777279043348571813e-05
-1.642468020602466140e-05
-2.772756530184132193e-05
1.017770697404087044e-04
1.375850972057085075e-04
-5.958159506727275789e-05
1.398861530330173381e-05
1.391725914124883334e-04
1.190871929132811952e-04
2.110263051401974066e-05
3.662139155239694382e-02
1.238126844091190920e-01
5.613727765988450746e-02
4.853229026112163350e-03
6.908096406069812179e-03
2.057682983385294984e-02
-1.356425416041833268e-02
7.446689748216602650e-03
2.132859086337262483e-02
-1.479872129678657527e-02
-1.066950556139138750e-03
3.321183470337083637e-03
-3.542159796197413141e-03
4.090710684091815319e-03
-7.102213241891294770e-03
-7.231106363348692445e-04
-2.992995105492592123e-03
-5.609928392542696401e-03
2.151978255419351171e-03
-4.778328740261725271e-03
-1.220835013397071622e-03
-1.103442802657289210e-03
-1.717588636007728181e-03
1.413647834134848513e-04
-1.099277133318941890e-03
2.860613574076631416e-04
-2.416003604424343809e-04
-1.131831411050490330e-03
-1.139122211482226921e-03
-1.847050358058255175e-03
2.707330304236484075e-04
1.296844451263986370e-03
2.330646501534291981e-04
1.943883527958892299e-03
-1.550692119301018065e-03
5.827933774676993112e-04
-5.745072460424521799e-05
3.883265212154228541e-04
1.284692645403163677e-03
-3.687392107905255317e-04
8.025080857678845020e-04
-2.482458178356995726e-04
4.660665085362385163e-05
1.158748858916640312e-04
-2.643718076361439503e-04
6.747459386224992015e-04
-5.081478860852347255e-04
4.489550382965625495e-04
-3.962590528455555566e-04
-3.088154439273224638e-05
-4.430862581477369982e-04
3.316726610175070311e-01
6.828863813758142554e-01
2.240430925922426209e+00
3.781984047041533792e+00
2.650379268220144802e+00
-1.274963930508022855e-02
7.842269452684522135e-02
9.134545359295822564e-01
6.454152368190022582e-01
1.511712516120882199e-01
2.853087636541641256e-03
-1.936627748836173418e-03
-4.503396845821881073e-03
5.736163658634914689e-03
-5.677294678040100892e-03
-1.266391449903946781e-02
9.744702531074969643e-03
-6.517664847029133735e-03
-1.497218505419992129e-02
-1.611467687080389566e-02
1.097933336679243060e-02
2.565775921938229232e-02
-1.207111293265573232e-02
1.240723458470832652e-02
2.982291867521578987e-02
5.978899621654848451e-03
-3.563323349187252215e-03
-1.815258799730478517e-02
2.608680357001885025e-04
-2.180629900818551598e-03
7.819699122419455917e-04
1.270727228564220990e-02
4.252244906513281617e-03
-1.328064676933190386e-03
-3.185564446725513456e-03
-6.262047126893260625e-04
4.058741422028948331e-02
1.303469154729750001e-02
-7.068916269848384698e-03
-8.446717622809339979e-03
-1.983390253623870409e-03
1.968641305241429842e-02
4.390249559610969257e-03
-1.166524798812476615e-03
-2.970749845191806692e-03
-1.301610832692504712e-03
-5.723115946728619952e-04
-2.394143916250638347e-04
2.735142100750636001e-03
-2.410455040524903461e-04
1.252946516334264414e-04
5.287187165442082393e-03
3.118698771131770894e-03
-2.992169054886427253e-03
-1.599623797045490042e-03
1.975451456340625691e-04
-3.801757906298630987e-03
1.779734795514069379e-03
6.923304811571794060e-03
-2.519742578320443779e-03
-6.496854165092231376e-03
6.768913884130983369e-04
-2.895451469500124816e-03
-8.554193794351780400e-03
7.242384993122876619e-03
1.537588099143331194e-02
-7.502799460050651320e-03
-1.276353988542471354e-02
4.055499129517700120e-04
-6.281829031214485048e-03
-2.622573759227473864e-03
1.939204396556563556e-03
4.680034579781628540e-03
-8.484387030023281956e-04
-5.030532039410841663e-03
4.970206401994088207e-04
-2.649071667411148287e-03
-3.738428897127211298e-04
8.028894163809681059e-04
7.778804604199373099e-04
-3.459191303009603868e-03
2.738666514430020127e-03
2.727649816861719284e-03
-5.497521523897853923e-04
4.140514291702673821e-04
-1.829389174427004799e-03
-7.010739553847764732e-05
8.959369925973141927e-04
7.380941060023665096e-04
-2.808471459736137932e-03
2.637676140841383084e-03
2.743715498386110029e-03
-5.204218148765430568e-05
9.649751487199259917e-04
-2.144496046473770220e-03
4.274700861949744420e-04
-4.816460741974694197e-05
2.630157561723440486e-04
2.611367132791279563e-04
7.168241987243928644e-04
-8.226794440079022649e-04
-5.152200956017084516e-04
2.309763700304849100e-04
4.124929533095701532e-04
4.140661908800977956e-04
-4.938886635046566519e-04
3.845937786419731386e-02
1.236515119217243414e-01
5.399360089035762367e-02
9.902305139868335798e-03
-1.854879899812770377e-02
1.658971729591265584e-02
6.680275111057669413e-04
-1.042380134751103721e-02
9.454886069092387213e-03
2.379139463487703679e-03
-5.102290481253445725e-03
4.425115447824279694e-03
-7.133635458774116936e-04
-9.203041080302620802e-03
1.431680223979773375e-03
-5.612074511261805343e-03
-9.187406454445497250e-04
4.435609217308088270e-04
-7.447884431172752118e-04
8.072575744407428297e-04
-2.367391021594542067e-04
-1.813357943284949966e-03
2.233383585107315272e-04
-1.901219872802888122e-03
3.675347658186819966e-04
-1.979161011949445020e-03
-4.618071190428535422e-04
3.537361862617198092e-04
1.639506737230947073e-03
-7.533345369296132188e-04
-9.019844565116902010e-04
-4.402306020079294058e-04
9.582490471136207236e-04
-1.745172899219275126e-04
1.762177064596637255e-03
-1.447522699806521457e-04
-7.762941067824516601e-04
-8.034609631633448518e-05
-7.301063292483606776e-04
2.743193366831807659e-04
6.675414122835714430e-04
-9.473835854074113411e-04
-3.176549941967263604e-04
4.822504043887989623e-04
-8.140784555855408444e-05
-3.496519988362866067e-04
-3.208268430744337998e-04
4.099675471969819671e-04
-3.206646831292608055e-04
-5.552423051405457055e-04
4.610327900122336911e-04
3.764845079256549931e-02
1.167141683419073567e-01
6.048748640566208035e-02
1.036013630114838123e-02
3.629569980704946963e-03
-4.559596978691824593e-03
1.647684033242775153e-02
3.542432399754123773e-03
-6.444190728176396599e-03
1.534816492209555711e-02
1.485119001795541169e-03
-8.846835023037062651e-04
4.039453594573460052e-03
-1.235180924744321701e-03
-3.683322407396105724e-03
6.955362532291384237e-03
3.794625640765436625e-03
2.796686509272811039e-04
-2.409804892074679517e-04
-1.657739927920794110e-03
1.719001459278002297e-03
7.852368419950586653e-04
-4.554274848925007196e-04
5.732782327268100275e-04
-2.156386661468029375e-03
4.292071165239712272e-03
1.239122586993494229e-03
-3.658502507925046315e-04
2.199206598608987456e-04
-9.365990841337205886e-04
-1.059959912523222858e-03
2.220708634998458386e-03
1.266281698631090656e-03
3.820630487806273012e-05
-2.447407277418409827e-04
-2.448382655835989932e-04
3.204509438885592282e-04
-1.746441165048009600e-03
4.031380638713274317e-04
5.628908046361597028e-04
-7.001278935309523943e-04
5.363104012642261852e-04
-3.149484787807951824e-04
3.432649370836500687e-04
4.405572200609341599e-04
-8.670433078127887799e-04
-6.383052205952491343e-05
1.891933114744597660e-04
-4.334143555384220754e-04
7.597168081279609408e-05
2.347133472994683730e-04
