  0.3314866605
  0.6833597302
  2.2385669764
  3.7788357115
  2.6394188455
 -0.0056322142
  0.0820498391
  0.9652301964
  0.5825783259
  0.1351322950
  0.0027325107
  0.0069590708
 -0.0012864489
  0.0070479918
  0.0178279456
 -0.0029337535
  0.0091177173
  0.0233345674
 -0.0046524559
 -0.0158963946
 -0.0402149737
  0.0066320248
 -0.0118673494
 -0.0319531208
  0.0110562151
 -0.0036334423
 -0.0060344228
 -0.0084668400
 -0.0016936181
 -0.0034530706
 -0.0019218185
 -0.0052412932
  0.0001350142
 -0.0141955841
 -0.0041993243
  0.0049353950
 -0.0170070122
  0.0026104060
 -0.0411283581
 -0.0116207838
  0.0164902695
 -0.0078045625
  0.0036944236
 -0.0166001926
 -0.0038110041
  0.0080626320
 -0.0061411822
 -0.0043006398
 -0.0135996957
 -0.0060034305
  0.0050061558
 -0.0030672406
 -0.0011670615
 -0.0078805679
 -0.0028571320
  0.0026647917
  0.0000099791
  0.0043319043
  0.0120142319
 -0.0042469625
  0.0043367457
 -0.0005204558
 -0.0013286947
 -0.0002819947
  0.0040456977
  0.0148844836
 -0.0060958822
  0.0046948120
  0.0006123263
 -0.0016306583
  0.0002099075
  0.0009334493
  0.0048080630
 -0.0016168699
  0.0015503179
  0.0003704411
  0.0003680353
 -0.0001943387
  0.0004153006
  0.0019560348
 -0.0018401246
 -0.0016762064
 -0.0005747559
 -0.0024055899
 -0.0009876891
 -0.0001288307
  0.0000227328
  0.0003803697
  0.0014414268
 -0.0018366556
 -0.0028372967
 -0.0012677343
 -0.0021161928
 -0.0005843361
 -0.0000622706
 -0.0000271391
 -0.0001158154
 -0.0002535709
 -0.0000186218
 -0.0000371999
 -0.0000233118
 -0.0001054576
  0.0002556925
 -0.0005421781
 -0.0001681385
  0.0000068682
  0.0384272647
  0.1254971685
  0.0743874994
  0.0093491018
 -0.0013564470
 -0.0107396190
  0.0236710146
 -0.0019890708
 -0.0146981485
  0.0313913234
 -0.0000712395
 -0.0034304617
  0.0103057731
  0.0002726654
 -0.0080709852
  0.0083551395
 -0.0012489080
 -0.0016288310
  0.0010416591
 -0.0065961166
  0.0054559989
 -0.0011836935
 -0.0021528446
 -0.0001153816
 -0.0019516977
  0.0013670322
 -0.0004865531
 -0.0002264704
  0.0002164845
  0.0004481897
 -0.0037041293
  0.0018994146
 -0.0006132907
 -0.0014615600
 -0.0000239823
  0.0002812339
  0.0004647642
 -0.0007612262
 -0.0001978994
 -0.0001943787
 -0.0007646844
  0.0003449854
 -0.0000552816
  0.0001278246
  0.0001147291
  0.0000009844
  0.0000259024
  0.0000734586
 -0.0001689458
  0.0001614714
  0.0000341918
  0.0430813746
  0.1429954104
  0.0783548163
  0.0091302288
 -0.0110952271
 -0.0183934663
 -0.0259607790
 -0.0129316646
 -0.0216428716
 -0.0296100853
 -0.0034730133
 -0.0053684803
 -0.0093567654
  0.0045925295
  0.0113406660
  0.0052878968
  0.0066111795
 -0.0023189345
  0.0037029734
  0.0058987712
  0.0017343042
  0.0034506751
 -0.0025070673
  0.0006118675
  0.0018879828
  0.0003132794
  0.0009413149
 -0.0002453805
 -0.0001130094
 -0.0028364368
 -0.0031926673
  0.0004871463
 -0.0018561348
  0.0016165774
  0.0009873321
  0.0002540834
 -0.0000691926
  0.0008980394
  0.0003525668
  0.0004534337
  0.0001867640
  0.0006960482
 -0.0001643779
 -0.0000955390
 -0.0003288345
 -0.0003280577
  0.0003598569
 -0.0000962084
  0.0002311816
 -0.0000689757
 -0.0000179716
